10 0000000000000000 1111111111111111
01 0000000000000000 1111111111111111
00 0000000000000000 1111111111111111
01 0000000000000000 1111111111111111
00 0000000000000000 1111111111111111
01 0000000000000000 1111111111111111
00 0000000000000000 1111111111111111
01 0000000000000000 1111111111111111
00 0000000000000000 1111111111111111
01 0000000000000000 1111111111111111
00 0000000000000001 1111111111111111
01 0000000000000001 1111111111111111
00 0000000000000010 1111111111111111
01 0000000000000010 1111111111111111
00 0000000000000011 1111111111111111
01 0000000000000011 1111111111111111
00 0000000000000100 1111111111111111
01 0000000000000100 1111111111111111
00 0000000000000101 1111111111111111
01 0000000000000101 1111111111111111
00 0000000000000011 1111111111111111
01 0000000000000011 1111111111111111
01 0000000000000000 1111111111111111
